0.00000 0.00000 0.00949 0.00000 0.00000 0.00000
0.00000 0.00000 0.02716 0.00000 0.00000 0.00000
0.00000 0.00000 0.05157 0.00000 0.00000 0.00000
0.00000 0.00000 0.08130 0.00000 0.00000 0.00000
0.00000 0.00000 0.11509 0.00000 0.00000 0.00000
0.00000 0.00000 0.15190 0.00000 0.00000 0.00000
0.00000 0.00000 0.19090 0.00000 0.00000 0.00000
0.00000 0.00000 0.23146 0.00000 0.00000 0.00000
0.00000 0.00000 0.27313 0.00000 0.00000 0.00000
0.00000 0.00000 0.31557 0.00000 0.00000 0.00000
0.00000 0.00000 0.35855 0.00000 0.00000 0.00000
-0.00001 -0.00007 0.40191 0.00026 -0.00013 -0.00002
-0.00004 -0.00025 0.44176 0.00016 -0.00023 -0.00008
-0.00010 -0.00068 0.47211 0.00004 -0.00039 -0.00019
-0.00022 -0.00139 0.48863 -0.00013 -0.00057 -0.00036
-0.00039 -0.00243 0.48802 -0.00041 -0.00071 -0.00058
-0.00062 -0.00379 0.47168 -0.00031 -0.00088 -0.00082
-0.00092 -0.00547 0.44454 -0.00025 -0.00090 -0.00110
-0.00126 -0.00743 0.40892 -0.00022 -0.00076 -0.00137
-0.00162 -0.00969 0.36445 -0.00020 -0.00046 -0.00161
-0.00198 -0.01216 0.31628 -0.00018 0.00001 -0.00182
-0.00232 -0.01482 0.26560 -0.00017 0.00060 -0.00196
-0.00260 -0.01771 0.21072 -0.00016 0.00125 -0.00204
-0.00282 -0.02075 0.15565 -0.00015 0.00193 -0.00206
-0.00296 -0.02398 0.09794 -0.00014 0.00256 -0.00200
-0.00302 -0.02738 0.03854 -0.00013 0.00312 -0.00187
-0.00300 -0.03096 -0.02190 -0.00013 0.00357 -0.00168
-0.00292 -0.03466 -0.08512 -0.00017 0.00387 -0.00141
-0.00279 -0.03853 -0.14790 -0.00019 0.00404 -0.00108
-0.00266 -0.04252 -0.20788 -0.00019 0.00409 -0.00068
-0.00255 -0.04665 -0.26615 -0.00019 0.00404 -0.00021
-0.00247 -0.05098 -0.32589 -0.00018 0.00393 0.00030
-0.00247 -0.05551 -0.38654 -0.00017 0.00382 0.00083
-0.00258 -0.06020 -0.44522 -0.00016 0.00380 0.00142
-0.00283 -0.06511 -0.50523 -0.00015 0.00392 0.00203
-0.00324 -0.07019 -0.56351 -0.00014 0.00428 0.00268
-0.00383 -0.07552 -0.62326 -0.00013 0.00494 0.00335
-0.00462 -0.08109 -0.68393 -0.00012 0.00599 0.00403
-0.00562 -0.08682 -0.74263 -0.00006 0.00740 0.00476
-0.00678 -0.09272 -0.80264 0.00031 0.00876 0.00548
-0.00812 -0.09879 -0.86348 0.00085 0.01015 0.00623
-0.00966 -0.10497 -0.92322 0.00081 0.01249 0.00697
-0.01133 -0.11114 -0.97914 0.00057 0.01536 0.00772
-0.01317 -0.11725 -1.02941 0.00029 0.01841 0.00845
-0.01520 -0.12321 -1.07147 0.00014 0.02118 0.00917
-0.01747 -0.12903 -1.10641 -0.00002 0.02350 0.00988
-0.02003 -0.13461 -1.13287 -0.00021 0.02519 0.01058
-0.02294 -0.13995 -1.15098 -0.00041 0.02599 0.01127
-0.02618 -0.14506 -1.16138 -0.00065 0.02607 0.01196
-0.02975 -0.14990 -1.16407 -0.00099 0.02548 0.01263
-0.03362 -0.15464 -1.15920 -0.00080 0.02400 0.01326
-0.03778 -0.15911 -1.14715 -0.00081 0.02153 0.01389
-0.04215 -0.16332 -1.12875 -0.00089 0.01784 0.01450
-0.04665 -0.16728 -1.10556 -0.00096 0.01324 0.01510
-0.05117 -0.17097 -1.07920 -0.00100 0.00791 0.01568
-0.05564 -0.17440 -1.05096 -0.00098 0.00186 0.01624
-0.06008 -0.17754 -1.02223 -0.00091 -0.00494 0.01677
-0.06453 -0.18037 -0.99472 -0.00079 -0.01214 0.01725
-0.06902 -0.18288 -0.96933 -0.00059 -0.01942 0.01772
-0.07357 -0.18536 -0.94664 0.00070 -0.02641 0.01808
-0.07824 -0.18741 -0.92613 0.00144 -0.03322 0.01839
-0.08315 -0.18900 -0.90899 0.00189 -0.03930 0.01869
-0.08832 -0.19013 -0.89417 0.00219 -0.04490 0.01895
-0.09385 -0.19074 -0.88267 0.00244 -0.04952 0.01916
-0.09974 -0.19081 -0.87417 0.00267 -0.05308 0.01931
-0.10592 -0.19037 -0.86714 0.00288 -0.05592 0.01937
-0.11240 -0.18935 -0.86228 0.00313 -0.05761 0.01936
-0.11905 -0.18781 -0.85796 0.00339 -0.05857 0.01925
-0.12578 -0.18577 -0.85367 0.00368 -0.05884 0.01906
-0.13250 -0.18323 -0.84895 0.00400 -0.05852 0.01877
-0.13913 -0.18021 -0.84331 0.00437 -0.05773 0.01837
-0.14561 -0.17676 -0.83632 0.00479 -0.05664 0.01785
-0.15191 -0.17282 -0.82835 0.00528 -0.05509 0.01725
-0.15797 -0.16841 -0.81822 0.00558 -0.05361 0.01657
-0.16378 -0.16355 -0.80630 0.00604 -0.05202 0.01579
-0.16928 -0.15835 -0.79167 0.00659 -0.05073 0.01491
-0.17446 -0.15279 -0.77474 0.00728 -0.04946 0.01396
-0.17928 -0.14694 -0.75538 0.00811 -0.04827 0.01295
-0.18374 -0.14085 -0.73350 0.00906 -0.04719 0.01189
-0.18782 -0.13456 -0.70910 0.01011 -0.04625 0.01080
-0.19153 -0.12811 -0.68222 0.01120 -0.04549 0.00968
-0.19485 -0.12155 -0.65271 0.01218 -0.04520 0.00859
-0.19780 -0.11491 -0.62080 0.01299 -0.04539 0.00753
-0.20038 -0.10819 -0.58673 0.01358 -0.04608 0.00649
-0.20258 -0.10143 -0.55071 0.01387 -0.04728 0.00545
-0.20441 -0.09475 -0.51305 0.01424 -0.04887 0.00437
-0.20584 -0.08805 -0.47391 0.01394 -0.05097 0.00330
-0.20684 -0.08143 -0.43350 0.01308 -0.05368 0.00225
-0.20738 -0.07504 -0.39203 0.01211 -0.05692 0.00121
-0.20741 -0.06885 -0.34978 0.01077 -0.06034 0.00022
-0.20692 -0.06300 -0.30695 0.00961 -0.06352 -0.00072
-0.20592 -0.05744 -0.26375 0.00845 -0.06614 -0.00157
-0.20446 -0.05216 -0.22029 0.00734 -0.06810 -0.00231
-0.20258 -0.04718 -0.17665 0.00635 -0.06935 -0.00295
-0.20034 -0.04251 -0.13291 0.00554 -0.06988 -0.00352
-0.19776 -0.03813 -0.08909 0.00491 -0.06924 -0.00401
-0.19486 -0.03405 -0.04523 0.00443 -0.06703 -0.00442
-0.19172 -0.03024 -0.00133 0.00408 -0.06302 -0.00475
-0.18840 -0.02669 0.04258 0.00381 -0.05720 -0.00499
-0.18506 -0.02337 0.08653 0.00359 -0.05020 -0.00517
-0.18181 -0.02027 0.13051 0.00339 -0.04258 -0.00528
-0.17872 -0.01736 0.17452 0.00321 -0.03474 -0.00535
-0.17588 -0.01464 0.21856 0.00304 -0.02703 -0.00538
-0.17331 -0.01209 0.26263 0.00288 -0.01968 -0.00537
-0.17106 -0.00969 0.30673 0.00273 -0.01285 -0.00534
-0.16914 -0.00745 0.35085 0.00258 -0.00667 -0.00530
-0.16755 -0.00534 0.39499 0.00245 -0.00121 -0.00524
-0.16629 -0.00336 0.43915 0.00232 0.00348 -0.00518
-0.16534 -0.00150 0.48331 0.00220 0.00740 -0.00511
-0.16468 0.00025 0.52748 0.00209 0.01054 -0.00505
-0.16428 0.00190 0.57166 0.00198 0.01292 -0.00498
-0.16413 0.00345 0.61583 0.00188 0.01459 -0.00492
-0.16417 0.00490 0.66001 0.00178 0.01560 -0.00487
-0.16438 0.00626 0.70419 0.00175 0.01611 -0.00484
-0.16471 0.00736 0.74836 0.00237 0.01639 -0.00483
-0.16512 0.00817 0.79254 0.00368 0.01677 -0.00483
-0.16558 0.00878 0.83671 0.00521 0.01732 -0.00484
-0.16607 0.00907 0.88077 0.00686 0.01802 -0.00488
-0.16652 0.00892 0.92376 0.00710 0.01837 -0.00493
-0.16682 0.00826 0.96404 0.00610 0.01809 -0.00501
-0.16685 0.00684 1.00015 0.00487 0.01779 -0.00508
-0.16653 0.00476 1.03182 0.00372 0.01804 -0.00512
-0.16578 0.00188 1.05733 0.00266 0.01870 -0.00515
-0.16448 -0.00185 1.07622 0.00177 0.01988 -0.00518
-0.16258 -0.00632 1.08818 0.00100 0.02148 -0.00522
-0.15999 -0.01151 1.09309 0.00027 0.02322 -0.00529
-0.15660 -0.01738 1.09095 -0.00045 0.02477 -0.00539
-0.15233 -0.02305 1.08190 -0.00325 0.02581 -0.00570
-0.14717 -0.02925 1.06652 -0.00490 0.02604 -0.00607
-0.14116 -0.03588 1.04588 -0.00592 0.02516 -0.00653
-0.13441 -0.04276 1.02297 -0.00654 0.02337 -0.00710
-0.12700 -0.04989 0.99718 -0.00695 0.02027 -0.00780
-0.11909 -0.05713 0.97133 -0.00719 0.01635 -0.00861
-0.11080 -0.06441 0.94612 -0.00732 0.01190 -0.00956
-0.10220 -0.07174 0.92063 -0.00738 0.00680 -0.01067
-0.09338 -0.07901 0.89552 -0.00748 0.00133 -0.01193
-0.08440 -0.08619 0.87258 -0.00747 -0.00389 -0.01329
-0.07528 -0.09330 0.85052 -0.00739 -0.00897 -0.01477
-0.06603 -0.10081 0.83068 -0.00571 -0.01343 -0.01627
-0.05667 -0.10816 0.81279 -0.00481 -0.01715 -0.01793
-0.04723 -0.11480 0.79528 -0.00583 -0.02039 -0.01979
-0.03776 -0.12126 0.77788 -0.00626 -0.02322 -0.02168
-0.02832 -0.12752 0.76033 -0.00636 -0.02576 -0.02360
-0.01895 -0.13354 0.74230 -0.00628 -0.02813 -0.02553
-0.00973 -0.13931 0.72350 -0.00610 -0.03047 -0.02747
-0.00068 -0.14481 0.70496 -0.00585 -0.03275 -0.02940
0.00809 -0.15001 0.68480 -0.00557 -0.03510 -0.03131
0.01650 -0.15490 0.66273 -0.00526 -0.03773 -0.03318
0.02454 -0.15947 0.64007 -0.00494 -0.04073 -0.03501
0.03207 -0.16366 0.61486 -0.00459 -0.04406 -0.03679
0.03906 -0.16748 0.58865 -0.00423 -0.04782 -0.03850
0.04540 -0.17090 0.56113 -0.00385 -0.05184 -0.04015
0.05099 -0.17390 0.53202 -0.00345 -0.05598 -0.04172
0.05565 -0.17643 0.49929 -0.00304 -0.05997 -0.04319
0.05943 -0.17851 0.46506 -0.00262 -0.06408 -0.04456
0.06212 -0.18013 0.42728 -0.00212 -0.06776 -0.04586
0.06364 -0.18220 0.38634 0.00080 -0.07079 -0.04719
0.06400 -0.18378 0.34273 0.00249 -0.07289 -0.04842
0.06325 -0.18482 0.29689 0.00355 -0.07378 -0.04953
0.06162 -0.18528 0.25137 0.00419 -0.07354 -0.05054
0.05915 -0.18520 0.20585 0.00469 -0.07179 -0.05148
0.05592 -0.18456 0.16001 0.00512 -0.06836 -0.05235
0.05189 -0.18331 0.11133 0.00558 -0.06289 -0.05313
0.04744 -0.18152 0.06253 0.00601 -0.05601 -0.05382
0.04262 -0.17914 0.01100 0.00644 -0.04769 -0.05443
0.03773 -0.17747 -0.04038 0.00943 -0.03864 -0.05508
0.03290 -0.17535 -0.09430 0.01100 -0.02895 -0.05563
0.02837 -0.17274 -0.15019 0.01180 -0.01896 -0.05611
0.02436 -0.16962 -0.20752 0.01222 -0.00896 -0.05654
0.02104 -0.16606 -0.26580 0.01259 0.00079 -0.05696
0.01854 -0.16200 -0.32460 0.01289 0.00997 -0.05735
0.01690 -0.15875 -0.38352 0.01593 0.01819 -0.05770
0.01624 -0.15514 -0.44224 0.01749 0.02511 -0.05800
0.01651 -0.15113 -0.49812 0.01824 0.03059 -0.05827
0.01780 -0.14547 -0.55183 0.01590 0.03433 -0.05861
0.02002 -0.13931 -0.60374 0.01475 0.03621 -0.05890
0.02307 -0.13382 -0.65413 0.01675 0.03618 -0.05894
0.02696 -0.12797 -0.70317 0.01764 0.03432 -0.05887
0.03161 -0.12184 -0.75088 0.01804 0.03083 -0.05867
0.03694 -0.11542 -0.79719 0.01815 0.02601 -0.05834
0.04285 -0.10972 -0.84393 0.02053 0.01981 -0.05771
0.04924 -0.10381 -0.88829 0.02148 0.01301 -0.05695
0.05609 -0.09768 -0.93009 0.02165 0.00594 -0.05607
0.06339 -0.09127 -0.97085 0.02144 -0.00162 -0.05501
0.07107 -0.08464 -1.00812 0.02098 -0.00900 -0.05377
0.07907 -0.07778 -1.04171 0.02027 -0.01581 -0.05235
0.08740 -0.07079 -1.07138 0.01954 -0.02176 -0.05074
0.09609 -0.06371 -1.09690 0.01881 -0.02669 -0.04892
0.10512 -0.05658 -1.11803 0.01811 -0.03054 -0.04694
0.11445 -0.04945 -1.13448 0.01745 -0.03320 -0.04481
0.12405 -0.04236 -1.14601 0.01683 -0.03445 -0.04258
0.13393 -0.03503 -1.15301 0.01540 -0.03439 -0.04033
0.14404 -0.02782 -1.15445 0.01448 -0.03271 -0.03796
0.15426 -0.02074 -1.15052 0.01390 -0.02979 -0.03554
0.16447 -0.01381 -1.14093 0.01355 -0.02561 -0.03308
0.17457 -0.00706 -1.12574 0.01338 -0.01999 -0.03064
0.18444 -0.00048 -1.10532 0.01322 -0.01289 -0.02825
0.19390 0.00595 -1.08029 0.01304 -0.00447 -0.02591
0.20280 0.01207 -1.05131 0.01325 0.00513 -0.02361
0.21099 0.01803 -1.01942 0.01321 0.01521 -0.02143
0.21835 0.02381 -0.98548 0.01302 0.02529 -0.01936
0.22480 0.02925 -0.95007 0.01319 0.03504 -0.01741
0.23029 0.03450 -0.91383 0.01304 0.04399 -0.01561
0.23484 0.03954 -0.87750 0.01271 0.05171 -0.01397
0.23845 0.04433 -0.84142 0.01225 0.05795 -0.01250
0.24117 0.04872 -0.80578 0.01228 0.06257 -0.01119
0.24303 0.05288 -0.77068 0.01195 0.06548 -0.01004
0.24406 0.05680 -0.73616 0.01139 0.06667 -0.00906
0.24429 0.06065 -0.70182 0.01014 0.06601 -0.00820
0.24377 0.06419 -0.66799 0.00912 0.06378 -0.00748
0.24251 0.06744 -0.63423 0.00825 0.05976 -0.00687
0.24054 0.07040 -0.60083 0.00745 0.05445 -0.00635
0.23788 0.07290 -0.56734 0.00734 0.04755 -0.00600
0.23455 0.07517 -0.53373 0.00694 0.03932 -0.00572
0.23061 0.07720 -0.49999 0.00638 0.02997 -0.00550
0.22609 0.07896 -0.46644 0.00577 0.02027 -0.00533
0.22102 0.08047 -0.43303 0.00517 0.01008 -0.00522
0.21542 0.08176 -0.39944 0.00463 -0.00145 -0.00513
0.20936 0.08283 -0.36573 0.00413 -0.01406 -0.00503
0.20292 0.08368 -0.33232 0.00369 -0.02663 -0.00492
0.19613 0.08452 -0.29889 0.00269 -0.04007 -0.00461
0.18906 0.08514 -0.26590 0.00204 -0.05309 -0.00432
0.18172 0.08557 -0.23337 0.00158 -0.06573 -0.00404
0.17412 0.08584 -0.20132 0.00123 -0.07799 -0.00376
0.16630 0.08598 -0.16939 0.00096 -0.09086 -0.00344
0.15830 0.08578 -0.13769 0.00148 -0.10389 -0.00330
0.15007 0.08554 -0.10680 0.00164 -0.11563 -0.00308
0.14162 0.08526 -0.07628 0.00161 -0.12746 -0.00279
0.13288 0.08494 -0.04679 0.00150 -0.13789 -0.00246
0.12378 0.08461 -0.01836 0.00134 -0.14714 -0.00211
0.11440 0.08428 0.00951 0.00118 -0.15642 -0.00173
0.10465 0.08397 0.03608 0.00104 -0.16399 -0.00136
0.09451 0.08371 0.06126 0.00093 -0.17009 -0.00099
0.08394 0.08350 0.08498 0.00086 -0.17489 -0.00064
0.07296 0.08338 0.10718 0.00082 -0.17848 -0.00032
0.06171 0.08333 0.12858 0.00081 -0.18204 -0.00005
0.05008 0.08338 0.14822 0.00082 -0.18416 0.00017
0.03809 0.08354 0.16608 0.00085 -0.18486 0.00033
0.02576 0.08381 0.18214 0.00090 -0.18416 0.00041
0.01332 0.08417 0.19730 0.00096 -0.18303 0.00041
0.00066 0.08462 0.21052 0.00102 -0.18031 0.00035
-0.01197 0.08516 0.22276 0.00108 -0.17678 0.00023
-0.02449 0.08575 0.23391 0.00114 -0.17232 0.00004
-0.03684 0.08637 0.24388 0.00119 -0.16686 -0.00022
-0.04895 0.08701 0.25256 0.00123 -0.16039 -0.00055
-0.06076 0.08764 0.25986 0.00126 -0.15293 -0.00093
-0.07221 0.08822 0.26571 0.00127 -0.14453 -0.00135
-0.08322 0.08872 0.27005 0.00126 -0.13528 -0.00180
-0.09371 0.08909 0.27286 0.00123 -0.12527 -0.00227
-0.10372 0.08928 0.27296 0.00117 -0.11432 -0.00276
-0.11310 0.08925 0.27052 0.00107 -0.10255 -0.00325
-0.12170 0.08895 0.26583 0.00095 -0.09015 -0.00373
-0.12925 0.08887 0.26045 -0.00065 -0.07746 -0.00422
-0.13575 0.08841 0.25353 -0.00152 -0.06482 -0.00471
-0.14104 0.08759 0.24664 -0.00201 -0.05230 -0.00521
-0.14512 0.08632 0.23897 -0.00233 -0.04039 -0.00571
-0.14795 0.08462 0.23095 -0.00259 -0.02920 -0.00620
-0.14956 0.08245 0.22301 -0.00285 -0.01887 -0.00668
-0.14995 0.07989 0.21653 -0.00310 -0.00909 -0.00717
-0.14919 0.07693 0.21168 -0.00337 -0.00000 -0.00768
-0.14733 0.07351 0.20760 -0.00370 0.00786 -0.00821
-0.14442 0.06961 0.20445 -0.00406 0.01470 -0.00876
-0.14052 0.06526 0.20237 -0.00446 0.02067 -0.00938
-0.13569 0.06045 0.20146 -0.00489 0.02593 -0.01011
-0.12999 0.05519 0.20178 -0.00535 0.03059 -0.01098
-0.12349 0.04950 0.20337 -0.00584 0.03479 -0.01204
-0.11626 0.04340 0.20626 -0.00636 0.03863 -0.01331
-0.10835 0.03689 0.21043 -0.00691 0.04223 -0.01480
-0.09984 0.03002 0.21587 -0.00750 0.04571 -0.01654
-0.09078 0.02279 0.22251 -0.00810 0.04916 -0.01851
-0.08127 0.01530 0.23108 -0.00869 0.05344 -0.02074
-0.07138 0.00757 0.24140 -0.00927 0.05844 -0.02322
-0.06116 -0.00009 0.25328 -0.01077 0.06408 -0.02610
-0.05066 -0.00801 0.26651 -0.01179 0.07026 -0.02913
-0.03990 -0.01648 0.28017 -0.01168 0.07603 -0.03207
-0.02888 -0.02515 0.29421 -0.01192 0.08145 -0.03519
-0.01764 -0.03399 0.30864 -0.01234 0.08655 -0.03845
-0.00629 -0.04291 0.32418 -0.01281 0.09225 -0.04186
0.00517 -0.05194 0.34007 -0.01332 0.09743 -0.04537
0.01672 -0.06104 0.35637 -0.01384 0.10212 -0.04896
0.02829 -0.07016 0.37311 -0.01433 0.10639 -0.05262
0.03985 -0.07953 0.39036 -0.01390 0.11026 -0.05610
0.05136 -0.08879 0.40814 -0.01387 0.11379 -0.05967
0.06277 -0.09817 0.42643 -0.01313 0.11702 -0.06309
0.07401 -0.10730 0.44582 -0.01289 0.12096 -0.06661
0.08514 -0.11618 0.46545 -0.01288 0.12446 -0.07016
0.09606 -0.12506 0.48579 -0.01197 0.12855 -0.07350
0.10681 -0.13356 0.50651 -0.01155 0.13302 -0.07687
0.11752 -0.14168 0.52655 -0.01135 0.13679 -0.08021
0.12828 -0.14939 0.54561 -0.01122 0.13989 -0.08348
0.13915 -0.15664 0.56336 -0.01108 0.14233 -0.08663
0.15023 -0.16342 0.57946 -0.01088 0.14408 -0.08964
0.16156 -0.16966 0.59357 -0.01063 0.14489 -0.09250
0.17317 -0.17533 0.60531 -0.01031 0.14448 -0.09520
0.18496 -0.18038 0.61536 -0.01003 0.14334 -0.09769
0.19702 -0.18427 0.62327 -0.01117 0.14117 -0.10008
0.20936 -0.18753 0.62849 -0.01140 0.13769 -0.10203
0.22201 -0.19007 0.63051 -0.01112 0.13258 -0.10366
0.23515 -0.19174 0.62729 -0.01051 0.12502 -0.10503
0.24868 -0.19248 0.61837 -0.00968 0.11480 -0.10610
0.26220 -0.19232 0.60522 -0.00873 0.10236 -0.10687
0.27543 -0.19119 0.58770 -0.00768 0.08808 -0.10737
0.28822 -0.18895 0.56399 -0.00654 0.07220 -0.10763
0.30023 -0.18477 0.53450 -0.00752 0.05512 -0.10763
0.31083 -0.17959 0.50192 -0.00737 0.03748 -0.10736
0.31972 -0.17340 0.46652 -0.00655 0.02025 -0.10694
0.32678 -0.16510 0.42647 -0.00757 0.00446 -0.10633
0.33166 -0.15583 0.38473 -0.00717 -0.00965 -0.10570
0.33425 -0.14557 0.34143 -0.00629 -0.02140 -0.10515
0.33445 -0.13440 0.29443 -0.00506 -0.02993 -0.10482
0.33229 -0.12247 0.24450 -0.00390 -0.03518 -0.10485
0.32786 -0.10989 0.19234 -0.00298 -0.03693 -0.10532
0.32139 -0.09678 0.13852 -0.00231 -0.03495 -0.10631
0.31314 -0.08325 0.08345 -0.00185 -0.02899 -0.10783
0.30347 -0.06945 0.02740 -0.00155 -0.01910 -0.10990
0.29281 -0.05550 -0.02705 -0.00158 -0.00632 -0.11252
0.28144 -0.04153 -0.08070 -0.00178 0.00869 -0.11568
0.26966 -0.02763 -0.13414 -0.00211 0.02521 -0.11934
0.25774 -0.01401 -0.18783 -0.00241 0.04297 -0.12350
0.24594 -0.00075 -0.24203 -0.00276 0.06143 -0.12806
0.23472 0.01210 -0.29932 -0.00320 0.08044 -0.13293
0.22435 0.02444 -0.35884 -0.00372 0.10028 -0.13803
0.21480 0.03620 -0.41729 -0.00434 0.12074 -0.14328
0.20667 0.04723 -0.47755 -0.00492 0.14163 -0.14859
0.19967 0.05750 -0.53616 -0.00541 0.16303 -0.15385
0.19429 0.06691 -0.59531 -0.00591 0.18323 -0.15898
0.18995 0.07550 -0.65158 -0.00648 0.20175 -0.16390
0.18654 0.08328 -0.70489 -0.00710 0.21752 -0.16855
0.18377 0.09032 -0.75511 -0.00773 0.23047 -0.17289
0.18186 0.09658 -0.80384 -0.00833 0.24016 -0.17688
0.18053 0.10292 -0.85006 -0.01099 0.24689 -0.18065
0.17918 0.10872 -0.89287 -0.01249 0.25085 -0.18409
0.17703 0.11409 -0.93020 -0.01332 0.25251 -0.18719
0.17417 0.11903 -0.96298 -0.01376 0.25082 -0.18995
0.16997 0.12368 -0.98957 -0.01394 0.24613 -0.19237
0.16442 0.12808 -1.01042 -0.01393 0.23769 -0.19444
0.15731 0.13232 -1.02482 -0.01380 0.22564 -0.19622
0.14849 0.13648 -1.03205 -0.01356 0.21015 -0.19771
0.13799 0.14058 -1.03144 -0.01319 0.19213 -0.19896
0.12603 0.14463 -1.02263 -0.01275 0.17389 -0.20003
0.11299 0.14860 -1.00614 -0.01231 0.15617 -0.20096
0.09931 0.15239 -0.98314 -0.01174 0.13804 -0.20170
0.08547 0.15598 -0.95490 -0.01118 0.11902 -0.20229
0.07192 0.15936 -0.92257 -0.01082 0.09938 -0.20279
0.05899 0.16248 -0.88708 -0.01059 0.07952 -0.20320
0.04693 0.16531 -0.84921 -0.01046 0.05984 -0.20352
0.03592 0.16785 -0.80955 -0.01044 0.04065 -0.20375
0.02606 0.17006 -0.76858 -0.01045 0.02225 -0.20390
0.01741 0.17195 -0.72663 -0.01049 0.00487 -0.20399
0.00999 0.17349 -0.68397 -0.01042 -0.01122 -0.20406
0.00381 0.17465 -0.64080 -0.01019 -0.02573 -0.20412
-0.00118 0.17546 -0.59728 -0.00983 -0.03841 -0.20418
-0.00500 0.17593 -0.55352 -0.00941 -0.04908 -0.20427
-0.00774 0.17609 -0.50962 -0.00898 -0.05768 -0.20437
-0.00947 0.17599 -0.46562 -0.00855 -0.06419 -0.20449
-0.01031 0.17565 -0.42157 -0.00816 -0.06869 -0.20464
-0.01037 0.17512 -0.37752 -0.00781 -0.07130 -0.20481
-0.00975 0.17443 -0.33346 -0.00759 -0.07226 -0.20500
-0.00859 0.17367 -0.28940 -0.00757 -0.07183 -0.20521
-0.00699 0.17290 -0.24536 -0.00793 -0.07036 -0.20541
-0.00504 0.17215 -0.20132 -0.00863 -0.06816 -0.20562
-0.00283 0.17143 -0.15729 -0.00950 -0.06536 -0.20580
-0.00042 0.17075 -0.11326 -0.01054 -0.06201 -0.20599
0.00209 0.17011 -0.06926 -0.01157 -0.05833 -0.20622
0.00462 0.16960 -0.02563 -0.01174 -0.05395 -0.20649
0.00706 0.16942 0.01631 -0.01081 -0.04840 -0.20673
0.00933 0.16983 0.05513 -0.00998 -0.04237 -0.20697
0.01134 0.17082 0.08972 -0.00898 -0.03646 -0.20719
0.01311 0.17226 0.12003 -0.00796 -0.03095 -0.20738
0.01466 0.17424 0.14447 -0.00699 -0.02584 -0.20756
0.01608 0.17677 0.16262 -0.00614 -0.02120 -0.20771
0.01742 0.17973 0.17422 -0.00539 -0.01702 -0.20783
0.01875 0.18302 0.17917 -0.00473 -0.01327 -0.20793
0.02016 0.18662 0.17749 -0.00409 -0.00995 -0.20800
0.02174 0.19044 0.16933 -0.00348 -0.00705 -0.20804
0.02353 0.19433 0.15694 -0.00295 -0.00454 -0.20806
0.02560 0.19821 0.13940 -0.00248 -0.00248 -0.20804
0.02797 0.20197 0.11956 -0.00209 -0.00079 -0.20798
0.03064 0.20554 0.09689 -0.00177 0.00045 -0.20788
0.03374 0.20946 0.07277 -0.00332 0.00133 -0.20779
0.03712 0.21307 0.04851 -0.00399 0.00187 -0.20764
0.04081 0.21628 0.02530 -0.00423 0.00214 -0.20746
0.04483 0.21906 0.00412 -0.00425 0.00222 -0.20724
0.04912 0.22137 -0.01320 -0.00417 0.00237 -0.20699
0.05364 0.22322 -0.02723 -0.00408 0.00237 -0.20674
0.05840 0.22462 -0.03748 -0.00407 0.00244 -0.20647
0.06342 0.22554 -0.04357 -0.00407 0.00284 -0.20619
0.06870 0.22600 -0.04520 -0.00418 0.00355 -0.20597
0.07419 0.22601 -0.04216 -0.00434 0.00458 -0.20576
0.07986 0.22559 -0.03392 -0.00454 0.00644 -0.20558
0.08569 0.22478 -0.02073 -0.00480 0.00919 -0.20545
0.09162 0.22355 -0.00344 -0.00514 0.01240 -0.20538
0.09765 0.22196 0.01772 -0.00549 0.01678 -0.20539
0.10372 0.22000 0.04199 -0.00585 0.02230 -0.20548
0.10980 0.21767 0.06832 -0.00623 0.02829 -0.20563
0.11589 0.21498 0.09608 -0.00662 0.03473 -0.20585
0.12195 0.21197 0.12514 -0.00698 0.04220 -0.20616
0.12797 0.20866 0.15500 -0.00732 0.05036 -0.20655
0.13395 0.20524 0.18528 -0.00829 0.05894 -0.20715
0.13991 0.20172 0.21525 -0.00974 0.06693 -0.20793
0.14582 0.19782 0.24475 -0.01061 0.07437 -0.20871
0.15168 0.19361 0.27367 -0.01115 0.08125 -0.20951
0.15749 0.18915 0.30242 -0.01149 0.08832 -0.21037
0.16323 0.18448 0.33083 -0.01171 0.09532 -0.21131
0.16890 0.17961 0.35871 -0.01185 0.10208 -0.21233
0.17452 0.17452 0.38584 -0.01184 0.10846 -0.21347
0.18013 0.16927 0.41198 -0.01186 0.11440 -0.21474
0.18581 0.16353 0.43615 -0.01094 0.11911 -0.21594
0.19171 0.15762 0.45815 -0.01050 0.12274 -0.21726
0.19788 0.15153 0.47775 -0.01027 0.12528 -0.21860
0.20423 0.14530 0.49557 -0.01014 0.12723 -0.21996
0.21092 0.13891 0.51025 -0.01006 0.12770 -0.22132
0.21796 0.13234 0.52143 -0.01000 0.12656 -0.22269
0.22525 0.12567 0.52994 -0.00992 0.12423 -0.22411
0.23277 0.11888 0.53531 -0.00983 0.12053 -0.22553
0.24065 0.11199 0.53569 -0.00981 0.11477 -0.22691
0.24865 0.10503 0.53211 -0.00974 0.10720 -0.22824
0.25699 0.09867 0.52260 -0.01162 0.09754 -0.22960
0.26512 0.09223 0.50873 -0.01237 0.08619 -0.23080
0.27292 0.08584 0.48874 -0.01268 0.07341 -0.23184
0.28002 0.07952 0.46307 -0.01267 0.05959 -0.23276
0.28629 0.07426 0.43242 -0.01477 0.04525 -0.23350
0.29115 0.06929 0.39954 -0.01557 0.03088 -0.23406
0.29439 0.06460 0.36484 -0.01569 0.01721 -0.23446
0.29590 0.06020 0.32668 -0.01550 0.00509 -0.23470
0.29555 0.05609 0.28785 -0.01517 -0.00537 -0.23476
0.29330 0.05222 0.24854 -0.01473 -0.01370 -0.23469
0.28919 0.04862 0.20884 -0.01432 -0.01956 -0.23446
0.28323 0.04528 0.16683 -0.01397 -0.02218 -0.23410
0.27558 0.04215 0.12314 -0.01367 -0.02141 -0.23359
0.26643 0.03918 0.07837 -0.01340 -0.01719 -0.23291
0.25604 0.03631 0.03304 -0.01316 -0.00973 -0.23204
0.24472 0.03350 -0.01044 -0.01292 -0.00016 -0.23094
0.23263 0.03066 -0.05232 -0.01258 0.01078 -0.22961
0.21994 0.02782 -0.09280 -0.01227 0.02247 -0.22799
0.20681 0.02495 -0.13201 -0.01194 0.03440 -0.22609
0.19334 0.02205 -0.17000 -0.01158 0.04621 -0.22396
0.17962 0.01910 -0.20678 -0.01119 0.05768 -0.22163
0.16581 0.01604 -0.24394 -0.01079 0.06906 -0.21915
0.15187 0.01286 -0.27920 -0.01027 0.07987 -0.21654
0.13799 0.00958 -0.31397 -0.00978 0.09006 -0.21382
0.12407 0.00626 -0.34612 -0.00926 0.09912 -0.21098
0.11011 0.00294 -0.37547 -0.00872 0.10664 -0.20809
0.09619 -0.00042 -0.40313 -0.00818 0.11261 -0.20516
0.08232 -0.00330 -0.42849 -0.00913 0.11706 -0.20213
0.06836 -0.00612 -0.45103 -0.00940 0.11989 -0.19915
0.05429 -0.00887 -0.47024 -0.00926 0.12099 -0.19620
0.03995 -0.01151 -0.48484 -0.00890 0.11996 -0.19334
0.02541 -0.01404 -0.49541 -0.00845 0.11649 -0.19055
0.01063 -0.01617 -0.50102 -0.00884 0.11053 -0.18784
-0.00437 -0.01818 -0.50155 -0.00876 0.10209 -0.18525
-0.01944 -0.02008 -0.49745 -0.00847 0.09142 -0.18277
-0.03441 -0.02166 -0.48831 -0.00878 0.07894 -0.18038
-0.04910 -0.02317 -0.47493 -0.00871 0.06498 -0.17812
-0.06331 -0.02462 -0.45783 -0.00842 0.05007 -0.17600
-0.07686 -0.02602 -0.43729 -0.00800 0.03469 -0.17404
-0.08956 -0.02736 -0.41452 -0.00750 0.01935 -0.17223
-0.10132 -0.02863 -0.39025 -0.00694 0.00453 -0.17059
-0.11207 -0.02980 -0.36473 -0.00640 -0.00948 -0.16913
-0.12181 -0.03082 -0.33860 -0.00589 -0.02243 -0.16787
-0.13054 -0.03164 -0.31240 -0.00545 -0.03403 -0.16677
-0.13827 -0.03197 -0.28716 -0.00577 -0.04398 -0.16581
-0.14511 -0.03207 -0.26310 -0.00561 -0.05209 -0.16502
-0.15109 -0.03191 -0.23966 -0.00521 -0.05835 -0.16440
-0.15628 -0.03146 -0.21766 -0.00451 -0.06271 -0.16394
-0.16073 -0.03063 -0.19703 -0.00378 -0.06521 -0.16362
-0.16444 -0.02946 -0.17693 -0.00305 -0.06596 -0.16341
-0.16746 -0.02786 -0.15806 -0.00228 -0.06509 -0.16331
-0.16979 -0.02589 -0.13949 -0.00152 -0.06275 -0.16329
-0.17145 -0.02354 -0.12120 -0.00077 -0.05917 -0.16334
-0.17247 -0.02080 -0.10313 -0.00002 -0.05459 -0.16343
-0.17288 -0.01767 -0.08529 0.00072 -0.04924 -0.16354
-0.17275 -0.01444 -0.06768 0.00239 -0.04332 -0.16362
-0.17209 -0.01078 -0.05112 0.00380 -0.03715 -0.16368
-0.17089 -0.00665 -0.03553 0.00484 -0.03083 -0.16369
-0.16916 -0.00217 -0.02002 0.00563 -0.02427 -0.16361
-0.16694 0.00266 -0.00468 0.00626 -0.01763 -0.16343
-0.16432 0.00749 0.00959 0.00805 -0.01124 -0.16308
-0.16130 0.01234 0.02278 0.01037 -0.00514 -0.16255
-0.15789 0.01721 0.03575 0.01265 0.00090 -0.16185
-0.15409 0.02242 0.04837 0.01380 0.00676 -0.16104
-0.14990 0.02795 0.05957 0.01437 0.01208 -0.16016
-0.14536 0.03371 0.07025 0.01459 0.01715 -0.15917
-0.14047 0.03970 0.07930 0.01462 0.02160 -0.15812
-0.13527 0.04580 0.08668 0.01469 0.02542 -0.15697
-0.12975 0.05202 0.09236 0.01459 0.02858 -0.15576
-0.12400 0.05826 0.09741 0.01438 0.03138 -0.15445
-0.11804 0.06448 0.10171 0.01409 0.03376 -0.15305
-0.11186 0.07064 0.10406 0.01376 0.03539 -0.15159
-0.10555 0.07667 0.10556 0.01338 0.03652 -0.15008
-0.09911 0.08253 0.10497 0.01298 0.03687 -0.14856
-0.09259 0.08816 0.10228 0.01255 0.03642 -0.14705
-0.08610 0.09351 0.09873 0.01209 0.03537 -0.14556
-0.07957 0.09904 0.09312 0.01012 0.03357 -0.14417
-0.07319 0.10418 0.08679 0.00891 0.03124 -0.14277
-0.06697 0.10889 0.07853 0.00809 0.02832 -0.14142
-0.06100 0.11317 0.06972 0.00747 0.02502 -0.14013
-0.05530 0.11696 0.05914 0.00693 0.02135 -0.13891
-0.04993 0.12029 0.04822 0.00644 0.01747 -0.13778
-0.04492 0.12314 0.03695 0.00597 0.01353 -0.13675
-0.04029 0.12545 0.02404 0.00548 0.00958 -0.13583
-0.03606 0.12721 0.00963 0.00499 0.00566 -0.13502
-0.03225 0.12844 -0.00611 0.00450 0.00182 -0.13433
-0.02893 0.12861 -0.02166 0.00567 -0.00188 -0.13376
-0.02597 0.12883 -0.03838 0.00430 -0.00529 -0.13331
-0.02342 0.12854 -0.05609 0.00335 -0.00838 -0.13296
-0.02125 0.12781 -0.07333 0.00265 -0.01118 -0.13270
-0.01943 0.12665 -0.09018 0.00208 -0.01359 -0.13254
-0.01793 0.12509 -0.10676 0.00160 -0.01557 -0.13245
-0.01673 0.12314 -0.12455 0.00102 -0.01702 -0.13243
-0.01573 0.12138 -0.14344 -0.00117 -0.01801 -0.13245
-0.01495 0.11926 -0.16330 -0.00238 -0.01858 -0.13250
-0.01434 0.11680 -0.18393 -0.00307 -0.01878 -0.13260
-0.01384 0.11404 -0.20514 -0.00347 -0.01862 -0.13271
-0.01336 0.11101 -0.22535 -0.00360 -0.01817 -0.13286
-0.01286 0.10780 -0.24463 -0.00367 -0.01742 -0.13302
-0.01227 0.10446 -0.26304 -0.00371 -0.01638 -0.13319
-0.01155 0.10102 -0.28068 -0.00371 -0.01506 -0.13337
-0.01065 0.09751 -0.29888 -0.00369 -0.01357 -0.13356
-0.00960 0.09346 -0.31745 -0.00209 -0.01198 -0.13373
-0.00827 0.08945 -0.33610 -0.00129 -0.01035 -0.13390
-0.00659 0.08553 -0.35332 -0.00088 -0.00860 -0.13409
-0.00454 0.08175 -0.37024 -0.00068 -0.00690 -0.13429
-0.00207 0.07816 -0.38539 -0.00056 -0.00510 -0.13449
0.00085 0.07477 -0.39981 -0.00048 -0.00339 -0.13470
0.00419 0.07164 -0.41319 -0.00040 -0.00183 -0.13491
0.00796 0.06878 -0.42420 -0.00033 -0.00019 -0.13512
0.01217 0.06658 -0.43370 -0.00143 0.00127 -0.13538
0.01673 0.06466 -0.44138 -0.00185 0.00262 -0.13559
0.02162 0.06301 -0.44698 -0.00190 0.00392 -0.13574
0.02683 0.06164 -0.45020 -0.00173 0.00529 -0.13587
0.03237 0.06083 -0.45079 -0.00239 0.00686 -0.13605
0.03819 0.06027 -0.44851 -0.00250 0.00872 -0.13617
0.04423 0.05994 -0.44257 -0.00231 0.01127 -0.13617
0.05043 0.05982 -0.43301 -0.00195 0.01443 -0.13608
0.05671 0.05994 -0.42059 -0.00146 0.01776 -0.13593
0.06304 0.06030 -0.40552 -0.00091 0.02128 -0.13572
0.06935 0.06089 -0.38807 -0.00034 0.02500 -0.13547
0.07557 0.06166 -0.36811 0.00021 0.02926 -0.13517
0.08167 0.06264 -0.34653 0.00075 0.03356 -0.13483
0.08761 0.06381 -0.32369 0.00127 0.03783 -0.13447
0.09332 0.06513 -0.29944 0.00171 0.04235 -0.13407
0.09880 0.06660 -0.27462 0.00212 0.04659 -0.13365
0.10403 0.06820 -0.24948 0.00247 0.05046 -0.13321
0.10895 0.06988 -0.22369 0.00274 0.05419 -0.13276
0.11357 0.07162 -0.19804 0.00300 0.05735 -0.13231
0.11788 0.07340 -0.17264 0.00316 0.05987 -0.13186
0.12187 0.07520 -0.14758 0.00325 0.06173 -0.13142
0.12548 0.07697 -0.12237 0.00326 0.06304 -0.13103
0.12872 0.07870 -0.09777 0.00321 0.06351 -0.13069
0.13154 0.08034 -0.07323 0.00310 0.06320 -0.13040
0.13392 0.08188 -0.04894 0.00294 0.06203 -0.13018
0.13581 0.08301 -0.02509 0.00367 0.05995 -0.13000
0.13729 0.08400 -0.00251 0.00386 0.05695 -0.12989
0.13830 0.08483 0.01941 0.00377 0.05303 -0.12985
0.13880 0.08517 0.04052 0.00455 0.04828 -0.12988
0.13886 0.08531 0.05985 0.00467 0.04290 -0.12997
0.13844 0.08522 0.07738 0.00444 0.03698 -0.13010
0.13750 0.08492 0.09393 0.00403 0.03043 -0.13025
0.13598 0.08400 0.10848 0.00463 0.02364 -0.13045
0.13387 0.08281 0.12103 0.00460 0.01667 -0.13062
0.13111 0.08139 0.13257 0.00428 0.00930 -0.13077
0.12766 0.07967 0.14204 0.00379 0.00207 -0.13088
0.12357 0.07810 0.14947 0.00185 -0.00494 -0.13082
0.11873 0.07618 0.15494 0.00062 -0.01160 -0.13071
0.11316 0.07394 0.15964 -0.00007 -0.01824 -0.13053
0.10687 0.07140 0.16251 -0.00063 -0.02419 -0.13027
0.09991 0.06865 0.16476 -0.00109 -0.02986 -0.12988
0.09227 0.06521 0.16644 -0.00004 -0.03510 -0.12951
0.08402 0.06158 0.16650 0.00027 -0.03930 -0.12897
0.07521 0.05778 0.16510 0.00020 -0.04243 -0.12823
0.06599 0.05389 0.16356 -0.00004 -0.04498 -0.12731
0.05638 0.04988 0.16093 -0.00039 -0.04644 -0.12622
0.04654 0.04625 0.15749 -0.00219 -0.04682 -0.12484
0.03650 0.04253 0.15354 -0.00324 -0.04620 -0.12340
0.02639 0.03875 0.14944 -0.00388 -0.04469 -0.12189
0.01635 0.03493 0.14655 -0.00418 -0.04285 -0.12032
0.00645 0.03112 0.14411 -0.00439 -0.04048 -0.11870
-0.00317 0.02772 0.14245 -0.00576 -0.03773 -0.11695
-0.01244 0.02437 0.14272 -0.00643 -0.03511 -0.11519
-0.02136 0.02073 0.14510 -0.00560 -0.03278 -0.11355
-0.02986 0.01721 0.14889 -0.00513 -0.03065 -0.11193
-0.03791 0.01382 0.15501 -0.00485 -0.02901 -0.11034
-0.04549 0.01058 0.16275 -0.00464 -0.02772 -0.10881
-0.05257 0.00748 0.17284 -0.00445 -0.02690 -0.10734
-0.05912 0.00456 0.18455 -0.00427 -0.02644 -0.10594
-0.06515 0.00180 0.19785 -0.00408 -0.02624 -0.10463
-0.07060 -0.00077 0.21333 -0.00388 -0.02624 -0.10340
-0.07547 -0.00317 0.23082 -0.00368 -0.02636 -0.10226
-0.07977 -0.00537 0.24958 -0.00346 -0.02653 -0.10123
-0.08349 -0.00738 0.26955 -0.00323 -0.02661 -0.10029
-0.08662 -0.00898 0.29064 -0.00374 -0.02647 -0.09946
-0.08918 -0.01043 0.31282 -0.00384 -0.02607 -0.09872
-0.09121 -0.01175 0.33650 -0.00372 -0.02528 -0.09805
-0.09273 -0.01293 0.36150 -0.00348 -0.02416 -0.09747
-0.09380 -0.01396 0.38716 -0.00315 -0.02284 -0.09698
-0.09445 -0.01485 0.41336 -0.00278 -0.02127 -0.09656
-0.09469 -0.01562 0.44042 -0.00241 -0.01928 -0.09620
-0.09458 -0.01625 0.46766 -0.00204 -0.01703 -0.09591
-0.09414 -0.01675 0.49489 -0.00168 -0.01450 -0.09567
-0.09341 -0.01712 0.52192 -0.00135 -0.01164 -0.09547
-0.09240 -0.01736 0.54853 -0.00106 -0.00847 -0.09529
-0.09115 -0.01749 0.57502 -0.00081 -0.00485 -0.09516
-0.08970 -0.01752 0.60103 -0.00060 -0.00095 -0.09508
-0.08810 -0.01744 0.62553 -0.00041 0.00290 -0.09503
-0.08636 -0.01728 0.64891 -0.00024 0.00677 -0.09500
-0.08452 -0.01702 0.66996 -0.00008 0.01034 -0.09500
-0.08257 -0.01668 0.68833 0.00007 0.01354 -0.09502
-0.08050 -0.01628 0.70463 0.00019 0.01651 -0.09504
-0.07827 -0.01579 0.71841 0.00029 0.01920 -0.09506
-0.07589 -0.01524 0.72920 0.00037 0.02151 -0.09509
-0.07336 -0.01462 0.73652 0.00043 0.02330 -0.09514
-0.07068 -0.01393 0.73848 0.00050 0.02435 -0.09518
-0.06781 -0.01316 0.73463 0.00056 0.02452 -0.09521
-0.06479 -0.01231 0.72623 0.00064 0.02381 -0.09523
-0.06162 -0.01136 0.71135 0.00073 0.02214 -0.09525
-0.05839 -0.01031 0.69015 0.00082 0.01956 -0.09525
-0.05524 -0.00915 0.66500 0.00091 0.01622 -0.09524
-0.05222 -0.00786 0.63429 0.00101 0.01228 -0.09520
-0.04947 -0.00645 0.60080 0.00111 0.00793 -0.09515
-0.04695 -0.00391 0.56280 -0.00115 0.00340 -0.09505
-0.04482 -0.00114 0.52318 -0.00212 -0.00110 -0.09492
-0.04314 0.00189 0.47994 -0.00233 -0.00524 -0.09475
-0.04193 0.00510 0.43589 -0.00218 -0.00889 -0.09456
-0.04119 0.00850 0.39095 -0.00182 -0.01188 -0.09434
-0.04091 0.01212 0.34272 -0.00134 -0.01401 -0.09412
-0.04103 0.01591 0.29403 -0.00083 -0.01534 -0.09388
-0.04152 0.01991 0.24229 -0.00027 -0.01574 -0.09365
-0.04220 0.02533 0.18805 -0.00237 -0.01524 -0.09338
-0.04304 0.03098 0.13426 -0.00310 -0.01401 -0.09314
-0.04399 0.03677 0.08054 -0.00313 -0.01217 -0.09292
-0.04500 0.04268 0.02412 -0.00283 -0.00989 -0.09273
-0.04600 0.04873 -0.03422 -0.00275 -0.00743 -0.09258
-0.04691 0.05493 -0.09384 -0.00291 -0.00484 -0.09247
-0.04770 0.06129 -0.15424 -0.00318 -0.00211 -0.09240
-0.04832 0.06774 -0.21255 -0.00333 0.00071 -0.09237
-0.04875 0.07432 -0.27191 -0.00316 0.00357 -0.09239
-0.04897 0.08092 -0.32927 -0.00271 0.00638 -0.09244
-0.04897 0.08759 -0.38749 -0.00207 0.00898 -0.09253
-0.04879 0.09419 -0.44347 -0.00138 0.01130 -0.09265
-0.04834 0.10197 -0.49754 -0.00339 0.01324 -0.09283
-0.04775 0.10971 -0.54987 -0.00404 0.01476 -0.09305
-0.04708 0.11733 -0.60055 -0.00399 0.01585 -0.09332
-0.04637 0.12477 -0.64958 -0.00360 0.01653 -0.09362
-0.04565 0.13201 -0.69898 -0.00310 0.01687 -0.09396
-0.04502 0.13896 -0.74585 -0.00273 0.01695 -0.09432
-0.04449 0.14562 -0.79206 -0.00238 0.01681 -0.09471
-0.04414 0.15192 -0.83503 -0.00208 0.01650 -0.09515
-0.04400 0.15788 -0.87647 -0.00183 0.01607 -0.09561
-0.04410 0.16347 -0.91572 -0.00161 0.01560 -0.09612
-0.04441 0.16929 -0.95223 -0.00325 0.01507 -0.09663
-0.04504 0.17471 -0.98418 -0.00399 0.01441 -0.09717
-0.04596 0.18020 -1.01166 -0.00581 0.01359 -0.09772
-0.04724 0.18520 -1.03584 -0.00660 0.01269 -0.09829
-0.04888 0.18970 -1.05645 -0.00689 0.01176 -0.09888
-0.05085 0.19369 -1.07234 -0.00694 0.01067 -0.09947
-0.05316 0.19718 -1.08357 -0.00689 0.00931 -0.10007
-0.05581 0.20014 -1.09092 -0.00683 0.00780 -0.10066
-0.05880 0.20260 -1.09365 -0.00677 0.00583 -0.10124
-0.06213 0.20454 -1.09241 -0.00675 0.00362 -0.10176
-0.06575 0.20597 -1.08665 -0.00669 0.00094 -0.10220
-0.06964 0.20671 -1.07659 -0.00596 -0.00215 -0.10263
-0.07371 0.20706 -1.06265 -0.00575 -0.00562 -0.10298
-0.07793 0.20701 -1.04536 -0.00585 -0.00948 -0.10323
-0.08226 0.20652 -1.02574 -0.00616 -0.01340 -0.10342
-0.08668 0.20561 -1.00431 -0.00657 -0.01742 -0.10351
-0.09116 0.20429 -0.98149 -0.00704 -0.02153 -0.10352
-0.09569 0.20236 -0.95716 -0.00668 -0.02601 -0.10350
-0.10020 0.20014 -0.93166 -0.00672 -0.03072 -0.10335
-0.10467 0.19758 -0.90572 -0.00699 -0.03513 -0.10310
-0.10905 0.19475 -0.87893 -0.00734 -0.03954 -0.10274
-0.11329 0.19163 -0.85137 -0.00760 -0.04376 -0.10229
-0.11736 0.18830 -0.82351 -0.00808 -0.04730 -0.10173
-0.12123 0.18475 -0.79520 -0.00854 -0.05014 -0.10110
-0.12482 0.18104 -0.76588 -0.00894 -0.05255 -0.10038
-0.12810 0.17720 -0.73583 -0.00934 -0.05413 -0.09959
-0.13104 0.17327 -0.70486 -0.00971 -0.05492 -0.09877
-0.13360 0.16927 -0.67279 -0.01003 -0.05500 -0.09797
-0.13578 0.16523 -0.63947 -0.01027 -0.05450 -0.09718
-0.13756 0.16118 -0.60481 -0.01041 -0.05352 -0.09642
-0.13893 0.15715 -0.56860 -0.01042 -0.05225 -0.09567
-0.13987 0.15317 -0.53099 -0.01033 -0.05059 -0.09496
-0.14040 0.14917 -0.49194 -0.00974 -0.04860 -0.09429
-0.14050 0.14529 -0.45160 -0.00924 -0.04621 -0.09366
-0.14019 0.14158 -0.41016 -0.00871 -0.04286 -0.09308
-0.13950 0.13805 -0.36794 -0.00827 -0.03810 -0.09256
-0.13855 0.13472 -0.32518 -0.00797 -0.03195 -0.09211
-0.13743 0.13162 -0.28204 -0.00780 -0.02451 -0.09173
-0.13624 0.12873 -0.23864 -0.00773 -0.01590 -0.09141
-0.13506 0.12606 -0.19507 -0.00772 -0.00627 -0.09113
-0.13397 0.12361 -0.15139 -0.00780 0.00418 -0.09090
-0.13306 0.12140 -0.10765 -0.00796 0.01526 -0.09071
-0.13238 0.11940 -0.06387 -0.00813 0.02682 -0.09055
-0.13200 0.11764 -0.02011 -0.00838 0.03862 -0.09041
-0.13195 0.11609 0.02361 -0.00862 0.05053 -0.09029
-0.13226 0.11476 0.06725 -0.00886 0.06232 -0.09018
-0.13297 0.11367 0.11075 -0.00913 0.07364 -0.09006
-0.13405 0.11286 0.15405 -0.00958 0.08427 -0.09002
-0.13550 0.11224 0.19712 -0.00985 0.09416 -0.08993
-0.13727 0.11181 0.23987 -0.01000 0.10304 -0.08983
-0.13928 0.11163 0.28212 -0.01006 0.11032 -0.08971
-0.14144 0.11157 0.32373 -0.00960 0.11576 -0.08940
-0.14358 0.11178 0.36453 -0.00920 0.11918 -0.08902
-0.14549 0.11228 0.40427 -0.00875 0.12047 -0.08855
-0.14697 0.11306 0.44266 -0.00816 0.11970 -0.08800
-0.14788 0.11410 0.47962 -0.00740 0.11795 -0.08745
-0.14802 0.11543 0.51417 -0.00637 0.11479 -0.08698
-0.14726 0.11708 0.54577 -0.00526 0.11114 -0.08649
-0.14553 0.11905 0.57392 -0.00420 0.10775 -0.08592
-0.14279 0.12134 0.59820 -0.00329 0.10485 -0.08538
-0.13910 0.12391 0.61827 -0.00250 0.10227 -0.08491
-0.13455 0.12627 0.63383 -0.00037 0.09972 -0.08429
-0.12918 0.12893 0.64462 0.00090 0.09691 -0.08367
-0.12307 0.13183 0.65045 0.00169 0.09342 -0.08307
-0.11650 0.13490 0.65251 0.00220 0.08928 -0.08247
-0.10956 0.13810 0.65060 0.00254 0.08416 -0.08189
-0.10245 0.14074 0.64453 0.00464 0.07787 -0.08123
-0.09514 0.14352 0.63266 0.00572 0.07011 -0.08062
-0.08790 0.14642 0.61536 0.00626 0.06100 -0.08007
-0.08103 0.14939 0.59329 0.00649 0.05084 -0.07956
