0.00039 0.00015 -0.00243 0.00023 -0.00010 1.48834
0.00115 0.00044 -0.00741 0.00027 0.00012 1.48835
0.00222 0.00085 -0.01401 0.00019 0.00061 1.48838
0.00360 0.00137 -0.02217 0.00014 0.00123 1.48842
0.00523 0.00199 -0.03175 0.00002 0.00189 1.48847
0.00712 0.00268 -0.04350 -0.00015 0.00244 1.48853
0.00920 0.00344 -0.05610 -0.00032 0.00288 1.48860
0.01146 0.00423 -0.07018 -0.00050 0.00312 1.48867
0.01384 0.00505 -0.08437 -0.00067 0.00318 1.48875
0.01595 0.00589 -0.09923 -0.00190 0.00302 1.48882
0.01815 0.00671 -0.11429 -0.00267 0.00265 1.48889
0.02039 0.00748 -0.12912 -0.00313 0.00210 1.48896
0.02234 0.00821 -0.14329 -0.00433 0.00140 1.48903
0.02426 0.00886 -0.15646 -0.00503 0.00058 1.48910
0.02640 0.00940 -0.16765 -0.00457 -0.00031 1.48916
0.02846 0.00985 -0.17674 -0.00423 -0.00124 1.48921
0.03041 0.01020 -0.18419 -0.00395 -0.00214 1.48925
0.03224 0.01045 -0.18982 -0.00370 -0.00298 1.48928
0.03393 0.01060 -0.19304 -0.00346 -0.00381 1.48931
0.03545 0.01065 -0.19430 -0.00321 -0.00457 1.48934
0.03679 0.01059 -0.19312 -0.00295 -0.00533 1.48935
0.03793 0.01043 -0.18997 -0.00267 -0.00602 1.48937
0.03886 0.01017 -0.18452 -0.00237 -0.00675 1.48937
0.03955 0.00980 -0.17732 -0.00205 -0.00743 1.48937
0.04000 0.00934 -0.16857 -0.00171 -0.00809 1.48936
0.04020 0.00878 -0.15810 -0.00136 -0.00886 1.48933
0.03999 0.00813 -0.14656 -0.00151 -0.00963 1.48931
0.03955 0.00740 -0.13382 -0.00144 -0.01053 1.48928
0.03887 0.00658 -0.12016 -0.00123 -0.01157 1.48923
0.03792 0.00568 -0.10626 -0.00092 -0.01262 1.48916
0.03671 0.00470 -0.09232 -0.00056 -0.01367 1.48908
0.03527 0.00365 -0.07806 -0.00017 -0.01483 1.48899
0.03357 0.00255 -0.06367 0.00014 -0.01608 1.48887
0.03163 0.00139 -0.04979 0.00049 -0.01726 1.48874
0.02950 0.00019 -0.03603 0.00086 -0.01847 1.48859
0.02716 -0.00105 -0.02299 0.00124 -0.01955 1.48842
0.02443 -0.00231 -0.01071 0.00096 -0.02050 1.48824
0.02179 -0.00361 0.00132 0.00159 -0.02140 1.48801
0.01899 -0.00492 0.01305 0.00201 -0.02221 1.48774
0.01607 -0.00623 0.02384 0.00238 -0.02282 1.48745
0.01308 -0.00755 0.03429 0.00269 -0.02330 1.48712
0.01003 -0.00885 0.04433 0.00294 -0.02364 1.48677
0.00693 -0.01014 0.05331 0.00315 -0.02373 1.48641
0.00381 -0.01141 0.06124 0.00332 -0.02358 1.48603
0.00068 -0.01266 0.06811 0.00344 -0.02319 1.48565
-0.00241 -0.01388 0.07393 0.00352 -0.02257 1.48528
-0.00544 -0.01504 0.07936 0.00354 -0.02178 1.48491
-0.00838 -0.01616 0.08368 0.00352 -0.02078 1.48456
-0.01120 -0.01720 0.08755 0.00345 -0.01960 1.48422
-0.01385 -0.01816 0.09089 0.00336 -0.01825 1.48391
-0.01631 -0.01902 0.09292 0.00324 -0.01673 1.48362
-0.01854 -0.01977 0.09430 0.00309 -0.01505 1.48335
-0.02050 -0.02039 0.09495 0.00295 -0.01323 1.48311
-0.02218 -0.02089 0.09402 0.00277 -0.01131 1.48290
-0.02356 -0.02124 0.09224 0.00256 -0.00929 1.48272
-0.02460 -0.02144 0.08875 0.00233 -0.00723 1.48258
-0.02528 -0.02148 0.08355 0.00207 -0.00518 1.48246
-0.02560 -0.02134 0.07671 0.00180 -0.00316 1.48237
-0.02519 -0.02106 0.06832 0.00250 -0.00121 1.48233
-0.02439 -0.02059 0.05853 0.00278 0.00063 1.48232
